0 149.60007153193646 0
50 163.4034658162741 0
100 167.78734649214115 0
150 161.98528464967723 0
200 148.2745570147509 0
250 133.60269876010668 0
300 123.12383315794747 0
350 118.94872928526995 0
400 124.39821033782863 0
450 134.72006896025374 0
500 146.19726551196229 0
550 154.6433167133313 0
600 157.1024594606465 0
650 153.74224560354193 0
700 145.20890830633076 0
750 136.58202825432818 0
800 129.77213245001784 0
850 127.7964926775762 0
900 130.65478121828855 0
950 136.95403892270082 0
1000 143.7031516823405 0
1050 148.47009732193877 0
1100 150.65521856728012 0
1150 147.89053567522308 0
1200 143.27384718769054 0
1250 137.8928250126828 0
1300 133.550833318199 0
1350 132.38501508627758 0
1400 134.21118523693545 0
1450 137.97930641840156 0
1500 142.0898052624335 0
1550 145.23885136258585 0
